<?xml version="1.0"?>
<opencv_storage>
<calibration_Time>"Mon Nov  3 19:36:16 2014"</calibration_Time>
<nrOfFrames>8</nrOfFrames>
<image_Width>1920</image_Width>
<image_Height>1080</image_Height>
<board_Width>10</board_Width>
<board_Height>7</board_Height>
<square_Size>23.</square_Size>
<FixAspectRatio>1.</FixAspectRatio>
<!-- flags:  +fix_aspectRatio +fix_principal_point +zero_tangent_dist -->
<flagValue>14</flagValue>
<Camera_Matrix type_id="opencv-matrix">
  <rows>3</rows>
  <cols>3</cols>
  <dt>d</dt>
  <data>
    1.0754573907936826e+03 0. 9.5950000000000000e+02 0.
    1.0754573907936826e+03 5.3950000000000000e+02 0. 0. 1.</data></Camera_Matrix>
<Distortion_Coefficients type_id="opencv-matrix">
  <rows>5</rows>
  <cols>1</cols>
  <dt>d</dt>
  <data>
    -3.0163023504051495e-01 6.7590942164903287e-02 0. 0.
    5.9819090545473137e-02</data></Distortion_Coefficients>
<Avg_Reprojection_Error>5.9862786303124083e-01</Avg_Reprojection_Error>
<Per_View_Reprojection_Errors type_id="opencv-matrix">
  <rows>8</rows>
  <cols>1</cols>
  <dt>f</dt>
  <data>
    4.52621520e-01 2.48390928e-01 3.93628925e-01 6.00361586e-01
    5.19404948e-01 4.81469154e-01 6.98459744e-01 1.04664242e+00</data></Per_View_Reprojection_Errors>
<!-- a set of 6-tuples (rotation vector + translation vector) for each view -->
<Extrinsic_Parameters type_id="opencv-matrix">
  <rows>8</rows>
  <cols>6</cols>
  <dt>d</dt>
  <data>
    -8.2429800583934940e-02 2.4323851846251274e-01
    1.1555241986593537e-01 -4.0849661048918080e+02
    -1.1699855323870182e+02 8.9161189024870919e+02
    1.6586817449397956e-01 2.1282840548949716e-01 1.7521054608507911e-01
    -1.5306128062930384e+02 -1.0870433747461200e+02
    1.1706141524860718e+03 2.5555492425366655e-01 3.0626984696549453e-01
    2.1263550782898219e-01 -1.7430746131671469e+02
    3.7986889840142084e+01 9.4331049279612819e+02
    -5.1871533992457121e-02 -6.2422101437864719e-01
    1.0649976640537316e-01 4.5915160731227672e+01
    -5.5452679525999208e+01 7.3660098569426486e+02
    -3.6582863806583649e-01 -4.8994013547325077e-01
    2.2313057226494940e-01 3.0858607414603700e+01
    -6.7623522068963567e+01 8.0484776868227073e+02
    -4.0136117218019580e-02 -5.3976084655469166e-02
    1.3606031470146346e-01 -2.8230692590479197e+02
    -8.9860835459402225e+01 4.4677850344737715e+02
    -4.7295703046267384e-01 -3.6090556442898136e-01
    2.0322399812329547e-01 -8.9042411398879935e+01
    -6.9787807547679051e+01 5.7569430385703561e+02
    -5.1730876475078413e-01 6.3367414468053895e-01
    -5.2536918092379405e-02 -7.1494232098335615e+01
    2.4030013392364175e+01 6.4361513447936488e+02</data></Extrinsic_Parameters>
<Image_points type_id="opencv-matrix">
  <rows>8</rows>
  <cols>70</cols>
  <dt>"2f"</dt>
  <data>
    4.98344452e+02 4.07174194e+02 5.18246582e+02 4.08414093e+02
    5.38747131e+02 4.09744873e+02 5.60100342e+02 4.10978180e+02
    5.81518738e+02 4.12484314e+02 6.03730042e+02 4.14186218e+02
    6.26389893e+02 4.15485809e+02 6.49437927e+02 4.16746948e+02
    6.73429138e+02 4.18516754e+02 6.98125061e+02 4.20605560e+02
    4.94143616e+02 4.32927155e+02 5.13675293e+02 4.34141205e+02
    5.33657166e+02 4.35439209e+02 5.55255066e+02 4.37390503e+02
    5.76456665e+02 4.39263184e+02 5.98583191e+02 4.40608429e+02
    6.21570496e+02 4.42530823e+02 6.45183716e+02 4.44600586e+02
    6.69368103e+02 4.46567596e+02 6.94275574e+02 4.48582977e+02
    4.90365997e+02 4.58529175e+02 5.09500092e+02 4.60133240e+02
    5.29664001e+02 4.62120514e+02 5.50344360e+02 4.63868286e+02
    5.71792053e+02 4.65644684e+02 5.93933350e+02 4.67803894e+02
    6.17355896e+02 4.70093414e+02 6.41209106e+02 4.72252350e+02
    6.65400696e+02 4.74670532e+02 6.90247253e+02 4.77132446e+02
    4.86742218e+02 4.84262299e+02 5.06324585e+02 4.86420258e+02
    5.25828796e+02 4.88302063e+02 5.46238464e+02 4.90386292e+02
    5.67731384e+02 4.92721588e+02 5.89833557e+02 4.95003998e+02
    6.12826477e+02 4.97423920e+02 6.36383057e+02 5.00089203e+02
    6.60708984e+02 5.02581360e+02 6.85978760e+02 5.05471069e+02
    4.82838379e+02 5.10128265e+02 5.02136841e+02 5.12462708e+02
    5.21776917e+02 5.14635498e+02 5.42493225e+02 5.17374390e+02
    5.63764038e+02 5.19702087e+02 5.86226013e+02 5.22550903e+02
    6.08947632e+02 5.25281799e+02 6.32356812e+02 5.27791992e+02
    6.56536377e+02 5.30842590e+02 6.81538391e+02 5.33673035e+02
    4.78379669e+02 5.36247009e+02 4.97795685e+02 5.38653076e+02
    5.18296021e+02 5.41587097e+02 5.38901123e+02 5.44273682e+02
    5.60506409e+02 5.47258118e+02 5.82430481e+02 5.50113220e+02
    6.05258301e+02 5.53176697e+02 6.28590454e+02 5.56205383e+02
    6.52529602e+02 5.59416809e+02 6.77338135e+02 5.62528748e+02
    4.75272064e+02 5.62284973e+02 4.94543884e+02 5.65279236e+02
    5.14641418e+02 5.68233521e+02 5.35655823e+02 5.71409607e+02
    5.57155396e+02 5.74371521e+02 5.79703491e+02 5.77930542e+02
    6.02693604e+02 5.80961853e+02 6.25918640e+02 5.84557861e+02
    6.49417603e+02 5.87658997e+02 6.73526306e+02 5.91505188e+02
    8.20198547e+02 4.40342773e+02 8.39489197e+02 4.43849915e+02
    8.59553406e+02 4.47223907e+02 8.79375244e+02 4.51129425e+02
    8.99513733e+02 4.54589294e+02 9.20078979e+02 4.58481354e+02
    9.40558289e+02 4.62233429e+02 9.61401672e+02 4.65878143e+02
    9.82368713e+02 4.69785431e+02 1.00335516e+03 4.73612762e+02
    8.17329773e+02 4.60825470e+02 8.36507874e+02 4.64505493e+02
    8.56270569e+02 4.68356720e+02 8.76276001e+02 4.71804260e+02
    8.96229126e+02 4.75623962e+02 9.16618103e+02 4.79525909e+02
    9.36942017e+02 4.83316833e+02 9.57804810e+02 4.87194244e+02
    9.78872131e+02 4.90885193e+02 9.99964905e+02 4.94661407e+02
    8.14609497e+02 4.81537201e+02 8.33719421e+02 4.85096100e+02
    8.53074341e+02 4.88860046e+02 8.72901611e+02 4.92675934e+02
    8.92858276e+02 4.96470795e+02 9.13115295e+02 5.00516510e+02
    9.33894409e+02 5.04290771e+02 9.54612427e+02 5.08024994e+02
    9.75495544e+02 5.12145874e+02 9.96554199e+02 5.15930481e+02
    8.12003235e+02 5.01501099e+02 8.30987610e+02 5.05437408e+02
    8.50321533e+02 5.09362671e+02 8.69937134e+02 5.13352234e+02
    8.89803589e+02 5.17300842e+02 9.10142273e+02 5.21106445e+02
    9.30372681e+02 5.25163696e+02 9.51147095e+02 5.29085449e+02
    9.72085510e+02 5.32832214e+02 9.93184509e+02 5.37249390e+02
    8.09283508e+02 5.21757019e+02 8.28198669e+02 5.25803528e+02
    8.47426575e+02 5.29813416e+02 8.66987915e+02 5.33662415e+02
    8.86942993e+02 5.37716736e+02 9.07033875e+02 5.41823853e+02
    9.27432068e+02 5.45679260e+02 9.47748718e+02 5.49883606e+02
    9.68574768e+02 5.54017761e+02 9.89594727e+02 5.57925049e+02
    8.06332886e+02 5.42241577e+02 8.25448975e+02 5.46096863e+02
    8.44636597e+02 5.50046570e+02 8.64122681e+02 5.54338867e+02
    8.84095642e+02 5.58104309e+02 9.03857666e+02 5.62416626e+02
    9.24448547e+02 5.66542236e+02 9.44715942e+02 5.70493835e+02
    9.65315369e+02 5.74771362e+02 9.86161987e+02 5.79091187e+02
    8.03694946e+02 5.62178162e+02 8.22595703e+02 5.66437744e+02
    8.41943359e+02 5.70243347e+02 8.61473511e+02 5.74469055e+02
    8.81483032e+02 5.78697632e+02 9.01416077e+02 5.82489990e+02
    9.21367249e+02 5.86509399e+02 9.41843994e+02 5.90967529e+02
    9.62296814e+02 5.95147034e+02 9.82740967e+02 5.99451660e+02
    7.63034973e+02 5.82274475e+02 7.85614746e+02 5.89122375e+02
    8.09112488e+02 5.95949402e+02 8.32737183e+02 6.02833740e+02
    8.56583130e+02 6.09734680e+02 8.80708679e+02 6.17145874e+02
    9.05531311e+02 6.24325684e+02 9.30610779e+02 6.31695374e+02
    9.55849548e+02 6.39018860e+02 9.81994507e+02 6.46428772e+02
    7.60371155e+02 6.06335999e+02 7.82493896e+02 6.13256714e+02
    8.05290466e+02 6.20440308e+02 8.28734802e+02 6.27482788e+02
    8.52537659e+02 6.34755371e+02 8.76499451e+02 6.42101501e+02
    9.01002502e+02 6.49436462e+02 9.26186646e+02 6.56703796e+02
    9.51465210e+02 6.63846680e+02 9.77284302e+02 6.71250977e+02
    7.58027100e+02 6.29505310e+02 7.79690796e+02 6.36883545e+02
